ampl.tab 1 2
I	p	tilteddistribution
1	0.03271086164420483	0.025792052627798184
2	0.023130072087072174	0.01910707345272109
3	0.01888562477570626	0.016018061757351775
4	0.016355430822102415	0.014129153416511539
5	0.014628742047806509	0.012816252818320934
6	0.013354153345846569	0.011833172535126743
7	0.01236354358302962	0.01106012380348867
8	0.011565036043536087	0.010430763151505765
9	0.010903620548068276	0.009904933650421749
10	0.010344082702232766	0.009456691274072325
11	0.009862695876641394	0.009068415050380757
12	0.00944281238785313	0.00872765246515424
13	0.00907236068636837	0.008425314812240382
14	0.008742345507055669	0.008154588627324481
15	0.008445908159206685	0.007910249703930668
16	0.008177715411051207	0.0076882146055247454
17	0.007933549274354228	0.00748523810573583
18	0.007710024029024057	0.007298703479862629
19	0.0075043863296436605	0.007126473691791438
20	0.0073143710239032544	0.006966783589611059
21	0.007138095215799823	0.00681816036904466
22	0.006973979135153732	0.006679363929353347
23	0.006820686149043412	0.006549341488664442
24	0.006677076672923284	0.006427192591695037
25	0.006542172328840966	0.006312141805825106
26	0.006415127762701314	0.0062035171829226245
27	0.006295208258568754	0.0061007330990758375
28	0.006181771791514811	0.006003276456454045
29	0.00607425451508337	0.00591069549435184
30	0.005972158932653837	0.005822590644745742
31	0.005875044185163455	0.0057386070042985855
32	0.0057825180217680435	0.0056584280950466295
33	0.005694230119314321	0.005581770660460119
34	0.005609866490773488	0.005508380299406803
35	0.005529144778887111	0.005438027782825042
36	0.005451810274034139	0.005370505930209575
37	0.005377632528192928	0.005305626947890768
38	0.005306402462334659	0.005243220150403307
39	0.005237929884460156	0.005183130001347249
40	0.005172041351116382	0.005125214422042874
41	0.005108578317593182	0.005069343325714437
42	0.005047395531847307	0.005015397342463951
43	0.004988359635088871	0.004963266706336557
44	0.004931347938320697	0.004912850280653635
45	0.004876247349268836	0.004864054701745995
46	0.004822953428333754	0.004816793624445425
47	0.004771369555620742	0.004770987055337228
48	0.004721406193926565	0.004726560761953669
49	0.004672980234886404	0.004683445747888785
50	0.004626014417414435	0.004641577785310827
51	0.004580436809177575	0.0046008969975957735
52	0.004536180343184185	0.0045613474858496135
53	0.004493182402695516	0.0045228769939645455
54	0.004451384448615523	0.004485436607594217
55	0.004410731684315407	0.0044489804830592505
56	0.004371172753527834	0.004413465602725857
57	0.004332659467522716	0.004378851553853
58	0.0042951465582684555	0.00434510032829026
59	0.004258591454703428	0.004312176140739734
60	0.004222954079603342	0.0042800452635799275
61	0.004188196664840626	0.004248675876494507
62	0.0041542835830996735	0.00421803792936065
63	0.004121181194343208	0.00418810301703473
64	0.0040888577055256045	0.004158844264832226
65	0.004057283042223266	0.004130236223636947
66	0.00402642873100384	0.004102254773695271
67	0.003996267791488481	0.004074877036256365
68	0.003966774637177114	0.004048081292311669
69	0.003937924984208164	0.004021846907767682
70	0.003909695767313269	0.003996154264457306
71	0.003882065062305912	0.00397098469645759
72	0.003855012014512029	0.00394632043123693
73	0.003828516772611639	0.003922144535203688
74	0.0038025604274145785	0.0038984408632714053
75	0.003777124955141253	0.003875194012094078
76	0.0037521931648218307	0.0038523892766592735
77	0.003727748649465042	0.003830012609956825
78	0.0037037757406814457	0.0038080505854682463
79	0.003680259466476	0.003786490362245912
80	0.0036571855119516277	0.003765319652372692
81	0.0036345401826894247	0.0037445266906120473
82	0.003612310370592703	0.0037241002060759217
83	0.0035904835220012883	0.003704029395753269
84	0.003569047607899912	0.003684303899756102
85	0.003547991096060036	0.003664913778152466
86	0.0035273029249685926	0.0036458494892671546
87	0.0035069724794096835	0.003627101869341137
88	0.0034869895675768646	0.003608662113450034
89	0.0034673443996038476	0.0035905217575902286
90	0.003448027567410921	0.0035726726618488685
91	0.003429030025772852	0.0035551069945808605
92	0.0034103430745217054	0.0035378172175222
93	0.0033919583418050656	0.003520796071774638
94	0.003373867768326471	0.003504036564601926
95	0.0033560635925006747	0.0034875319569824077
96	0.0033385383364616422	0.003471275751867279
97	0.0033212847928659763	0.003455261683097459
98	0.0033042960124388815	0.003439483704935815
99	0.003287565292213798	0.0034239359821746163
100	0.0032710861644204836	0.0034086128807811656
101	0.0032548523859797273	0.003393508959047219
102	0.0032388579285659354	0.003378618959210418
103	0.0032230969692016403	0.003363937799518128
104	0.0032075638813506575	0.0033494605667063588
105	0.0031922532264788872	0.0033351825088682174
106	0.0031771597460540646	0.003321099028688284
107	0.003162278353957703	0.0033072056770208497
108	0.0031476041292843766	0.003293498146791557
109	0.003133132309505176	0.0032799722672032425
110	0.0031188582839737863	0.0032666239982283153
111	0.0031047775877550755	0.003253449425370929
112	0.003090885895757406	0.0032404447546835243
113	0.003077179017151207	0.0032276063080232138
114	0.003063652890057408	0.003214930518534498
115	0.0030503035764904655	0.00320241392634559
116	0.0030371272575416856	0.003190053174466596
117	0.0030241202287894565	0.003177845004878378
118	0.0030112788959238777	0.003165786254801716
119	0.0029985997705740328	0.0031538738531370443
120	0.002986079466326919	0.003142104817065611
121	0.0029737146949277114	0.003130476248803467
122	0.002961502262651688	0.0031189853325002577
123	0.00294943906683871	0.0031076293312751837
124	0.002937522092581727	0.003096405584383103
125	0.002925748409561301	0.0030853115045040304
126	0.002914115169018557	0.003074344575149707
127	0.002902619600859504	0.003063502348181368
128	0.0028912590108840217	0.0030527824414331157
129	0.002880030778133223	0.0030421825364355636
130	0.0028689323523492564	0.0030317003762349195
131	0.0028579612515419713	0.0030213337633026604
132	0.0028471150596571606	0.003011080557531532
133	0.0028363914243414155	0.0030009386743136196
134	0.0028257880547988925	0.0029909060826965503
135	0.002815302719735561	0.0029809808036141395
136	0.002804933245386744	0.0029711609081879324
137	0.0027946775136239873	0.0029614445160963242
138	0.002784533460137521	0.0029518297940080837
139	0.002774499072690771	0.00294231495407735
140	0.0027645723894435545	0.002932898252497208
141	0.0027547514973408206	0.002923577988109243
142	0.0027450345305638875	0.0029143525010664594
143	0.0027354196690413703	0.0029052201715472157
144	0.002725905137017069	0.0028961794185178888
145	0.0027164892016722877	0.0028872286985420843
146	0.002707170171800125	0.0028783665046343294
147	0.0026979463965294665	0.0028695913651563473
148	0.0026888162640964644	0.0028609018427540106
149	0.002679778200661454	0.0028522965333332333
150	0.002670830669169314	0.0028437740650731403
151	0.002661972168251408	0.0028353330974748964
152	0.0026532012311673296	0.0028269723204447012
153	0.002644516424784743	0.0028186904534095057
154	0.0026359163485957255	0.0028104862444640853
155	0.002627399633768069	0.0028023584695481525
156	0.002618964942230078	0.002794305931652259
157	0.0026106109657874875	0.0027863274600513524
158	0.0026023364252711644	0.0027784219095647843
159	0.002594140069714346	0.002770588159841764
160	0.0025860206755581915	0.0027628251146711797
161	0.0025779770458845283	0.002755131701314846
162	0.0025700080096746855	0.0027475068698632203
163	0.002562112421093369	0.002739949592612715
164	0.002554289158796591	0.0027324588634637177
165	0.0025465371252627123	0.0027250336973385822
166	0.0025388552461456703	0.0027176731296187162
167	0.0025312424696495484	0.0027103762156001072
168	0.0025236977659236536	0.002703142029966534
169	0.002516220126477295	0.002695969666279809
170	0.002508808563613543	0.002688858236486347
171	0.00250146210988122	0.0026818068704395626
172	0.002494179817544436	0.0026748147154373515
173	0.0024869607580690137	0.002667880935774191
174	0.0024798040216251873	0.0026610047123073184
175	0.002472708716605924	0.0026541852420363726
176	0.002465673969160349	0.0026474217376961195
177	0.0024586989227416644	0.002640713427361694
178	0.0024517827376690786	0.002634059554065961
179	0.002444924590703198	0.0026274593754285077
180	0.002438123674634418	0.0026209121632958963
181	0.0024313791978838404	0.0026144172033927137
182	0.002424690384116266	0.002607973794983106
183	0.0024180564718648276	0.002601581250542358
184	0.0024114767141668767	0.002595238895438209
185	0.0024049503782106888	0.0025889460676215346
186	0.00239847674499264	0.002582702117326076
187	0.002392055108984484	0.002576506406776912
188	0.002385684777810371	0.0025703583099073684
189	0.002379365071933274	0.002564257212084043
190	0.002373095324350513	0.0025582025098397215
191	0.0023668748802980525	0.0025521936106138758
192	0.0023607030969632825	0.0025462299325004953
193	0.0023545793432059973	0.002540310904003009
194	0.0023485029992872893	0.002534435963796069
195	0.0023424734566061057	0.0025286045604939332
196	0.0023364901174432015	0.002522816152425276
197	0.0023305523947122577	0.0025170702074141624
198	0.0023246597117179105	0.0025113662025670314
199	0.002318811501920488	0.0025057036240654514
200	0.002313007208707218	0.002500081966964473
201	0.0023072462851697058	0.0024945007349964268
202	0.002301528193887479	0.0024889594403799237
203	0.002295852406717405	0.00248345760363397
204	0.0022902184045887875	0.002477994753396968
205	0.0022846256773039727	0.0024725704262504693
206	0.002279073723344289	0.002467184166547579
207	0.0022735620496811375	0.0024618355262457465
208	0.0022680901715920925	0.002456524064743939
209	0.002262657612481849	0.002451249348723971
210	0.0022572639037078566	0.002446010951995902
211	0.0022519085844105117	0.002440808455347347
212	0.0022465912013477584	0.0024356414463966272
213	0.002241311308733959	0.002430509519449572
214	0.002236068468082926	0.0024254122753599593
215	0.002230862248054952	0.002420349321393356
216	0.002225692224307761	0.002415320271094409
217	0.00222055797935123	0.002410324744157352
218	0.0022154591024057787	0.0024053623662996944
219	0.002210395189264327	0.0024004327691389896
220	0.0022053658421577033	0.0023955355900726095
221	0.0022003706696234076	0.0023906704721604103
222	0.0021954092863776245	0.0023858370640101826
223	0.002190481313190407	0.0023810350196659374
224	0.0021855863767639185	0.002376263998498721
225	0.002180724109613655	0.002371523665100116
226	0.0021758941499525736	0.0023668136891782203
227	0.002171096141578013	0.002362133745456079
228	0.0021663297337613575	0.00235748351357246
229	0.002161594581140351	0.002352862677984998
230	0.002156890343613987	0.0023482709278755368
231	0.0021522166862399067	0.0023437079570577104
232	0.0021475732791342277	0.0023391734638866
233	0.0021429597973737476	0.0023346671511705218
234	0.002138375920900438	0.0023301887260847956
235	0.002133821334428189	0.0023257379000875297
236	0.0021292957273517134	0.002321314388837282
237	0.0021247987936575865	0.0023169179121126223
238	0.002120330231837324	0.0023125481937335338
239	0.0021158897448024776	0.0023082049614845538
240	0.002111477039801671	0.0023038879470397206
241	0.002107091828339532	0.002299596885889172
242	0.0021027338260974702	0.0022953315172674262
243	0.002098402752856252	0.0022910915840832933
244	0.0020940983324203126	0.0022868768328513584
245	0.0020898202925437874	0.0022826870136250315
246	0.0020855683648581744	0.002278521879931135
247	0.0020813422848016327	0.002274381188705948
248	0.0020771417915498363	0.0022702647002327252
249	0.00207296662794836	0.002266172178080652
250	0.0020688165404465528	0.0022621033890451977
251	0.0020646912790328693	0.0022580581030898455
252	0.002060590597171604	0.0022540360932891503
253	0.0020565142517410076	0.002250037135773169
254	0.002052462002972745	0.002246061009673149
255	0.002048433614392658	0.0022421074970684907
256	0.002044428852762802	0.0022381763829350276
