ampl.tab 1 2
I	p	tilteddistribution
1	0.9239384197832141	0.6859891078536255
2	0.05774615123645088	0.1907305249650915
3	0.011406647157817458	0.06296367432106192
4	0.00360913445227818	0.026240917068051824
5	0.0014783014716531432	0.012857799103922918
6	0.0007129154473635911	0.007056388925661141
7	0.00038481400240866884	0.004206974424595763
8	0.00022557090326738626	0.0026710309971280624
9	0.00014082280441749946	0.0017815872034085062
10	9.239384197832145e-05	0.0012364127093255973
11	6.310623726406763e-05	0.0008864853231279
12	4.4557215460224444e-05	0.0006531437610969618
13	3.234965231550766e-05	0.0004924709956117642
14	2.4050875150541802e-05	0.0003787653423032877
15	1.8250635452507935e-05	0.0002963752684926577
16	1.4098181454211641e-05	0.00023543461648751544
17	1.1062348628287665e-05	0.00018953593165154197
18	8.801425276093716e-06	0.00015440745741029753
19	7.089712477522531e-06	0.00012713437647507024
20	5.774615123645091e-06	0.00010568607205233996
21	4.750790153193442e-06	8.862168883893007e-05
22	3.944139829004227e-06	7.490143995665052e-05
23	3.301654938994693e-06	6.376356255716413e-05
24	2.7848259662640278e-06	5.464219663630285e-05
25	2.365282354645028e-06	4.7111772721148295e-05
26	2.0218532697192287e-06	4.0848302278255194e-05
27	1.7385531409567835e-06	3.560266503604752e-05
28	1.5031796969088626e-06	3.1181320292072634e-05
29	1.3063243884442165e-06	2.7432551558501438e-05
30	1.140664715781746e-06	2.423638309391115e-05
31	1.0004519873215811e-06	2.1497203004479655e-05
32	8.811363408882276e-07	1.913827621238615e-05
33	7.790893489391067e-07	1.7097556896666855e-05
34	6.91396789267979e-07	1.5324506281753047e-05
35	6.157024038538702e-07	1.3777806730100286e-05
36	5.500890797558573e-07	1.2423419385271065e-05
37	4.929877528041691e-07	1.123313980485258e-05
38	4.4310702984515817e-07	1.0183519917964601e-05
39	3.9937842364824254e-07	9.254929433152679e-06
40	3.6091344522781816e-07	8.430891945469627e-06
41	3.2696976842104274e-07	7.69749583174447e-06
42	2.969243845745901e-07	7.042954939927983e-06
43	2.702521789900067e-07	6.457237161098576e-06
44	2.465087393127642e-07	5.9317787233488595e-06
45	2.2531648706799917e-07	5.459240947409249e-06
46	2.0635343368716832e-07	5.03331069744574e-06
47	1.8934402059954617e-07	4.648543467109838e-06
48	1.7405162289150173e-07	4.300220328434903e-06
49	1.6027238750881663e-07	3.9842469999259745e-06
50	1.4783014716531425e-07	3.6970644920067586e-06
51	1.3657220528750206e-07	3.4355603888484658e-06
52	1.263658293574518e-07	3.1970029986821988e-06
53	1.1709532280518945e-07	2.9790065196379943e-06
54	1.0865957130979897e-07	2.779463288126208e-06
55	1.0096997962250819e-07	2.596518104965795e-06
56	9.394873105680392e-08	2.4285318233310125e-06
57	8.752731453731522e-08	2.2740486044217363e-06
58	8.164527427776353e-08	2.131778481590558e-06
59	7.624914531994337e-08	2.0005727347051214e-06
60	7.129154473635912e-08	1.87940708362114e-06
61	6.67303936094033e-08	1.7673699752788803e-06
62	6.252824920759882e-08	1.6636418237435812e-06
63	5.8651730286338794e-08	1.5674860624795158e-06
64	5.507102130551422e-08	1.4782479239808783e-06
65	5.175944370481226e-08	1.3953334040804633e-06
66	4.869308430869417e-08	1.3182085986765015e-06
67	4.585047252622888e-08	1.2463921242845974e-06
68	4.321229932924869e-08	1.1794485023177454e-06
69	4.076117208635425e-08	1.1169835643377001e-06
70	3.848140024086689e-08	1.0586401842161272e-06
71	3.635880758078201e-08	1.0040941334076366e-06
72	3.438056748474108e-08	9.530506886881515e-07
73	3.253505806163184e-08	9.052415036798466e-07
74	3.081173455026057e-08	8.604222736188873e-07
75	2.9201016724012704e-08	8.183695762913903e-07
76	2.7694189365322386e-08	7.788800575190384e-07
77	2.628331414580077e-08	7.417670144874605e-07
78	2.496115147801516e-08	7.068597576871075e-07
79	2.3721091100765978e-08	6.740018909153322e-07
80	2.2557090326738635e-08	6.430496219090075e-07
81	2.1463619024157817e-08	6.138711349132213e-07
82	2.043561052631517e-08	5.863473782752116e-07
83	1.9468417767733802e-08	5.60359255695806e-07
84	1.855777403591188e-08	5.358110616375965e-07
85	1.769975780526026e-08	5.126055763709668e-07
86	1.689076118687542e-08	4.906548400740872e-07
87	1.6127461585731073e-08	4.698777855629785e-07
88	1.5406796207047762e-08	4.5019951990123426e-07
89	1.4725939097126194e-08	4.315505050032203e-07
90	1.4082280441749948e-08	4.138666861463934e-07
91	1.3473407878178954e-08	3.970876950217751e-07
92	1.289708960544802e-08	3.8115859989886883e-07
93	1.2351259102735576e-08	3.660279817272328e-07
94	1.1834001287471636e-08	3.5164787855761654e-07
95	1.1343539964036053e-08	3.379738395592749e-07
96	1.0878226430718858e-08	3.249642175203622e-07
97	1.0436529127387965e-08	3.1258044695971383e-07
98	1.001702421930104e-08	3.007867685510581e-07
99	9.61838702393959e-09	2.8954963798741744e-07
100	9.239384197832141e-09	2.788363457867513e-07
101	8.878866609241821e-09	2.6861947798725236e-07
102	8.535762830468879e-09	2.5887045595977885e-07
103	8.209073190490743e-09	2.495630214214136e-07
104	7.897864334840737e-09	2.4067591737980435e-07
105	7.601264245109512e-09	2.3218358784783783e-07
106	7.3184576753243405e-09	2.2406617044374748e-07
107	7.048681966793704e-09	2.1630367535081224e-07
108	6.791223206862435e-09	2.0887773946929665e-07
109	6.545412700461677e-09	2.0177046933396772e-07
110	6.310623726406762e-09	1.949651612197878e-07
111	6.0862685531378884e-09	1.8844842710979385e-07
112	5.871795691050245e-09	1.8220351313496114e-07
113	5.666687360755346e-09	1.7621756987950903e-07
114	5.470457158582201e-09	1.7047781003681337e-07
115	5.282647902391511e-09	1.6497188465129799e-07
116	5.102829642360221e-09	1.5968863720115087e-07
117	4.930597822817812e-09	1.5461709373877216e-07
118	4.7655715824964606e-09	1.497471808924187e-07
119	4.607392181710815e-09	1.4506925687375174e-07
120	4.455721546022445e-09	1.4057426829362026e-07
121	4.310240916881882e-09	1.3625362961590667e-07
122	4.170649600587707e-09	1.320992566905496e-07
123	4.036663807667195e-09	1.281034712522387e-07
124	3.908015575474926e-09	1.2425905497758572e-07
125	3.784451767432045e-09	1.2055902998330836e-07
126	3.6657331428961746e-09	1.169969816933772e-07
127	3.551633492166436e-09	1.1356676175137553e-07
128	3.441938831594639e-09	1.1026248366412095e-07
129	3.3364466541976142e-09	1.0707855713793934e-07
130	3.234965231550766e-09	1.0400985247938749e-07
131	3.1373129630931684e-09	1.0105086178335635e-07
132	3.0433177692933855e-09	9.819799682232387e-08
133	2.9528165254154654e-09	9.54450107087767e-08
134	2.865654532889305e-09	9.279000926241327e-08
135	2.7816850255308545e-09	9.022708825044353e-08
136	2.700768708078043e-09	8.775270240267497e-08
137	2.6227733247095135e-09	8.536332679872377e-08
138	2.5475732553971404e-09	8.305546615285572e-08
139	2.4750491381116033e-09	8.082578216383513e-08
140	2.4050875150541805e-09	7.867109661761693e-08
141	2.337580501228965e-09	7.65883652339616e-08
142	2.2724254737988754e-09	7.45747642667106e-08
143	2.209524780787354e-09	7.262759662393553e-08
144	2.1487854677963175e-09	7.074387588434097e-08
145	2.090119021510747e-09	6.89215108179612e-08
146	2.03344112885199e-09	6.715804718152442e-08
147	1.9786714507261316e-09	6.545106304727356e-08
148	1.9257334093912855e-09	6.379847392390723e-08
149	1.8745539885390167e-09	6.219807079958034e-08
150	1.825063545250794e-09	6.064839772820313e-08
151	1.7771956330508452e-09	5.9146859804973663e-08
152	1.730886835332649e-09	5.769168654504863e-08
153	1.68607660848768e-09	5.628148963202582e-08
154	1.642707134112548e-09	5.4914588416155314e-08
155	1.6007231797145302e-09	5.3589402979106235e-08
156	1.5600719673759474e-09	5.230430590616097e-08
157	1.5207030498753256e-09	5.105771788778705e-08
158	1.4825681937978736e-09	4.984841922410808e-08
159	1.44562126919987e-09	4.8675038128997635e-08
160	1.4098181454211647e-09	4.753639164918462e-08
161	1.3751165926675105e-09	4.643093382100611e-08
162	1.3414761890098636e-09	4.535790738826342e-08
163	1.3088582324713732e-09	4.431579260758465e-08
164	1.2772256578946982e-09	4.330378003843627e-08
165	1.2465429583025704e-09	4.2320811857771414e-08
166	1.2167761104833626e-09	4.136571781554656e-08
167	1.1878925045509625e-09	4.043774629861619e-08
168	1.1598608772444926e-09	3.953578605100131e-08
169	1.1326512487485611e-09	3.8659082736021466e-08
170	1.1062348628287662e-09	3.7806773004214174e-08
171	1.080584130090311e-09	3.69780728261731e-08
172	1.0556725741797137e-09	3.6172129453948984e-08
173	1.0314747807609844e-09	3.538821037007999e-08
174	1.007966349108192e-09	3.462566784306661e-08
175	9.851238461661924e-10	3.3883747196187796e-08
176	9.629247629404851e-10	3.316160738401556e-08
177	9.413474730857205e-10	3.245872346769615e-08
178	9.203711935703871e-10	3.1774697103687246e-08
179	8.999759473026607e-10	3.110879059735211e-08
180	8.801425276093717e-10	3.046034136579985e-08
181	8.608524644665626e-10	2.9828736988528766e-08
182	8.420879923861846e-10	2.921362384406787e-08
183	8.238320198691766e-10	2.861445974086807e-08
184	8.060681003405013e-10	2.8030721078972497e-08
185	7.887804044866705e-10	2.746188877558195e-08
186	7.719536939209735e-10	2.6908129132951995e-08
187	7.555732961059807e-10	2.6367077389541067e-08
188	7.396250804669772e-10	2.5840495452049262e-08
189	7.240954356338123e-10	2.5327036690268537e-08
190	7.089712477522533e-10	2.4826406837250935e-08
191	6.9423987980928e-10	2.433792625577541e-08
192	6.798891519199287e-10	2.3861691547268708e-08
193	6.659073225262538e-10	2.3397330681350726e-08
194	6.522830704617478e-10	2.2944153688372892e-08
195	6.390054778371882e-10	2.2502077072481493e-08
196	6.26064013706315e-10	2.2070511297183848e-08
197	6.134485184720633e-10	2.1649211425044903e-08
198	6.011491889962243e-10	2.1238403171857176e-08
199	5.891565643774607e-10	2.083721508948372e-08
200	5.774615123645088e-10	2.044573957683074e-08
201	5.660552163731962e-10	2.0063008668328657e-08
202	5.549291630776138e-10	1.968942127509436e-08
203	5.440751305473623e-10	1.9324836827315225e-08
204	5.334851769043049e-10	1.8968495893509702e-08
205	5.231516294736684e-10	1.8620442573991423e-08
206	5.130670744056714e-10	1.8280429838007126e-08
207	5.03224346745114e-10	1.7948188313022654e-08
208	4.936165209275461e-10	1.7623745932379296e-08
209	4.842369016817521e-10	1.7306090784625977e-08
210	4.750790153193445e-10	1.6996172781327557e-08
211	4.661366013932429e-10	1.669300460506728e-08
212	4.574036047077713e-10	1.639678392785268e-08
213	4.488741676639755e-10	1.6106915020562564e-08
214	4.405426229246065e-10	1.582355325460592e-08
215	4.324034863840108e-10	1.5546458778780842e-08
216	4.244514504289022e-10	1.527559827731063e-08
217	4.1668137747671035e-10	1.5011145748000976e-08
218	4.090882937788548e-10	1.4751226444386125e-08
219	4.016673834769363e-10	1.4497607457802171e-08
220	3.944139829004226e-10	1.4249391446619242e-08
221	3.8732357509497813e-10	1.4006432627841616e-08
222	3.8039178457111803e-10	1.3768823443539248e-08
223	3.736143722633752e-10	1.3536310055815275e-08
224	3.669872306906403e-10	1.330868769683034e-08
225	3.6050637930879866e-10	1.3085747698645197e-08
226	3.541679600472091e-10	1.2867824421367033e-08
227	3.47968233020981e-10	1.2654056246480582e-08
228	3.4190357241138757e-10	1.2444909043000045e-08
229	3.3597046250712577e-10	1.2240093562562016e-08
230	3.3016549389946944e-10	1.2039525728340721e-08
231	3.244853598247007e-10	1.1843079116102736e-08
232	3.189268526475138e-10	1.1650648269561479e-08
233	3.134868604793751e-10	1.1462070056879916e-08
234	3.081623639261133e-10	1.1277526259799328e-08
235	3.0295043295927393e-10	1.1096500704350758e-08
236	2.978482239060288e-10	1.091926801422848e-08
237	2.9285297655266634e-10	1.0745586905412749e-08
238	2.879620113569259e-10	1.0575306726645574e-08
239	2.8317272676464447e-10	1.0408401060019135e-08
240	2.784825966264028e-10	1.0244844639384389e-08
241	2.73889167710042e-10	1.0084501878611396e-08
242	2.6939005730511763e-10	9.92728811186502e-09
243	2.6498295091552873e-10	9.773178182056269e-09
244	2.6066560003673166e-10	9.621932992494215e-09
245	2.5643582001410683e-10	9.47389947479312e-09
246	2.522914879791997e-10	9.328683041885745e-09
247	2.4823054086070284e-10	9.186075416859224e-09
248	2.442509734671829e-10	9.046295071447573e-09
249	2.403508366386888e-10	8.909186072144617e-09
250	2.365282354645028e-10	8.77469559506568e-09
251	2.3278132756441415e-10	8.64274525941626e-09
252	2.2910832143101092e-10	8.51329012813215e-09
253	2.2550747483059165e-10	8.386266626190107e-09
254	2.2197709326040226e-10	8.261637147339823e-09
255	2.1851552846000324e-10	8.139314592153468e-09
256	2.1512117697466493e-10	8.01927476987374e-09
